% Based on SENSYSMEAS_ANT.TXT
% Measured Gain Pattern of Sensor Systems GPS_S67_1575_39
% Zero degree off-boresite angle corresponds to boresite
% off-boresite angle [deg] azimuth angle [deg] -->> gain [db]
  -50.00    0.00   10.00   20.00   30.00   40.00   50.00   60.00   70.00   80.00   90.00  100.00  110.00  120.00  130.00  140.00  150.00  160.00  170.00  180.00  190.00  200.00  210.00  220.00  230.00  240.00  250.00  260.00  270.00  280.00  290.00  300.00  310.00  320.00  330.00  340.00  350.00
    0.00    4.00    4.00    4.00    4.00    4.00    4.00    4.00    4.00    4.00    4.00    4.00    4.00    4.00    4.00    4.00    4.00    4.00    4.00    4.00    4.00    4.00    4.00    4.00    4.00    4.00    4.00    4.00    4.00    4.00    4.00    4.00    4.00    4.00    4.00    4.00    4.00
    2.50    4.00    4.00    4.00    4.00    4.00    4.00    4.00    4.00    4.00    4.00    4.00    4.00    4.00    4.00    4.00    4.00    4.00    4.00    4.00    4.00    4.00    4.00    4.00    4.00    4.00    4.00    4.00    4.00    4.00    4.00    4.00    4.00    4.00    4.00    4.00    4.00
    7.50    4.00    4.00    4.00    4.00    4.00    4.00    4.00    4.00    4.00    4.00    4.00    4.00    4.00    4.00    4.00    4.00    4.00    4.00    4.00    4.00    4.00    4.00    4.00    4.00    4.00    4.00    4.00    4.00    4.00    4.00    4.00    4.00    4.00    4.00    4.00    4.00
   12.50    4.00    4.00    4.00    4.00    4.00    4.00    4.00    4.00    4.00    4.00    4.00    4.00    4.00    4.00    4.00    4.00    4.00    4.00    4.00    4.00    4.00    4.00    4.00    4.00    4.00    4.00    4.00    4.00    4.00    4.00    4.00    4.00    4.00    4.00    4.00    4.00
   17.50    4.00    4.00    4.00    4.00    4.00    4.00    4.00    4.00    4.00    4.00    4.00    4.00    4.00    4.00    4.00    4.00    4.00    4.00    4.00    4.00    4.00    4.00    4.00    4.00    4.00    4.00    4.00    4.00    4.00    4.00    4.00    4.00    4.00    4.00    4.00    4.00
   22.50    3.80    3.80    3.80    3.80    3.80    3.80    3.80    3.80    3.80    3.80    3.80    3.80    3.80    3.80    3.80    3.80    3.80    3.80    3.80    3.80    3.80    3.80    3.80    3.80    3.80    3.80    3.80    3.80    3.80    3.80    3.80    3.80    3.80    3.80    3.80    3.80
   27.50    3.60    3.60    3.60    3.60    3.60    3.60    3.60    3.60    3.60    3.60    3.60    3.60    3.60    3.60    3.60    3.60    3.60    3.60    3.60    3.60    3.60    3.60    3.60    3.60    3.60    3.60    3.60    3.60    3.60    3.60    3.60    3.60    3.60    3.60    3.60    3.60
   32.50    3.30    3.30    3.30    3.30    3.30    3.30    3.30    3.30    3.30    3.30    3.30    3.30    3.30    3.30    3.30    3.30    3.30    3.30    3.30    3.30    3.30    3.30    3.30    3.30    3.30    3.30    3.30    3.30    3.30    3.30    3.30    3.30    3.30    3.30    3.30    3.30
   37.50    3.00    3.00    3.00    3.00    3.00    3.00    3.00    3.00    3.00    3.00    3.00    3.00    3.00    3.00    3.00    3.00    3.00    3.00    3.00    3.00    3.00    3.00    3.00    3.00    3.00    3.00    3.00    3.00    3.00    3.00    3.00    3.00    3.00    3.00    3.00    3.00
   42.50    2.50    2.50    2.50    2.50    2.50    2.50    2.50    2.50    2.50    2.50    2.50    2.50    2.50    2.50    2.50    2.50    2.50    2.50    2.50    2.50    2.50    2.50    2.50    2.50    2.50    2.50    2.50    2.50    2.50    2.50    2.50    2.50    2.50    2.50    2.50    2.50
   47.50    2.00    2.00    2.00    2.00    2.00    2.00    2.00    2.00    2.00    2.00    2.00    2.00    2.00    2.00    2.00    2.00    2.00    2.00    2.00    2.00    2.00    2.00    2.00    2.00    2.00    2.00    2.00    2.00    2.00    2.00    2.00    2.00    2.00    2.00    2.00    2.00
   52.50    1.00    1.00    1.00    1.00    1.00    1.00    1.00    1.00    1.00    1.00    1.00    1.00    1.00    1.00    1.00    1.00    1.00    1.00    1.00    1.00    1.00    1.00    1.00    1.00    1.00    1.00    1.00    1.00    1.00    1.00    1.00    1.00    1.00    1.00    1.00    1.00
   57.50    0.30    0.30    0.30    0.30    0.30    0.30    0.30    0.30    0.30    0.30    0.30    0.30    0.30    0.30    0.30    0.30    0.30    0.30    0.30    0.30    0.30    0.30    0.30    0.30    0.30    0.30    0.30    0.30    0.30    0.30    0.30    0.30    0.30    0.30    0.30    0.30
   62.50   -0.30   -0.30   -0.30   -0.30   -0.30   -0.30   -0.30   -0.30   -0.30   -0.30   -0.30   -0.30   -0.30   -0.30   -0.30   -0.30   -0.30   -0.30   -0.30   -0.30   -0.30   -0.30   -0.30   -0.30   -0.30   -0.30   -0.30   -0.30   -0.30   -0.30   -0.30   -0.30   -0.30   -0.30   -0.30   -0.30
   67.50   -0.50   -0.50   -0.50   -0.50   -0.50   -0.50   -0.50   -0.50   -0.50   -0.50   -0.50   -0.50   -0.50   -0.50   -0.50   -0.50   -0.50   -0.50   -0.50   -0.50   -0.50   -0.50   -0.50   -0.50   -0.50   -0.50   -0.50   -0.50   -0.50   -0.50   -0.50   -0.50   -0.50   -0.50   -0.50   -0.50
   72.50   -1.00   -1.00   -1.00   -1.00   -1.00   -1.00   -1.00   -1.00   -1.00   -1.00   -1.00   -1.00   -1.00   -1.00   -1.00   -1.00   -1.00   -1.00   -1.00   -1.00   -1.00   -1.00   -1.00   -1.00   -1.00   -1.00   -1.00   -1.00   -1.00   -1.00   -1.00   -1.00   -1.00   -1.00   -1.00   -1.00
   77.50   -2.00   -2.00   -2.00   -2.00   -2.00   -2.00   -2.00   -2.00   -2.00   -2.00   -2.00   -2.00   -2.00   -2.00   -2.00   -2.00   -2.00   -2.00   -2.00   -2.00   -2.00   -2.00   -2.00   -2.00   -2.00   -2.00   -2.00   -2.00   -2.00   -2.00   -2.00   -2.00   -2.00   -2.00   -2.00   -2.00
   82.50   -3.50   -3.50   -3.50   -3.50   -3.50   -3.50   -3.50   -3.50   -3.50   -3.50   -3.50   -3.50   -3.50   -3.50   -3.50   -3.50   -3.50   -3.50   -3.50   -3.50   -3.50   -3.50   -3.50   -3.50   -3.50   -3.50   -3.50   -3.50   -3.50   -3.50   -3.50   -3.50   -3.50   -3.50   -3.50   -3.50
   87.50   -5.00   -5.00   -5.00   -5.00   -5.00   -5.00   -5.00   -5.00   -5.00   -5.00   -5.00   -5.00   -5.00   -5.00   -5.00   -5.00   -5.00   -5.00   -5.00   -5.00   -5.00   -5.00   -5.00   -5.00   -5.00   -5.00   -5.00   -5.00   -5.00   -5.00   -5.00   -5.00   -5.00   -5.00   -5.00   -5.00
   90.00   -5.00   -5.00   -5.00   -5.00   -5.00   -5.00   -5.00   -5.00   -5.00   -5.00   -5.00   -5.00   -5.00   -5.00   -5.00   -5.00   -5.00   -5.00   -5.00   -5.00   -5.00   -5.00   -5.00   -5.00   -5.00   -5.00   -5.00   -5.00   -5.00   -5.00   -5.00   -5.00   -5.00   -5.00   -5.00   -5.00
   92.50   -5.00   -5.00   -5.00   -5.00   -5.00   -5.00   -5.00   -5.00   -5.00   -5.00   -5.00   -5.00   -5.00   -5.00   -5.00   -5.00   -5.00   -5.00   -5.00   -5.00   -5.00   -5.00   -5.00   -5.00   -5.00   -5.00   -5.00   -5.00   -5.00   -5.00   -5.00   -5.00   -5.00   -5.00   -5.00   -5.00
   97.50   -5.50   -5.50   -5.50   -5.50   -5.50   -5.50   -5.50   -5.50   -5.50   -5.50   -5.50   -5.50   -5.50   -5.50   -5.50   -5.50   -5.50   -5.50   -5.50   -5.50   -5.50   -5.50   -5.50   -5.50   -5.50   -5.50   -5.50   -5.50   -5.50   -5.50   -5.50   -5.50   -5.50   -5.50   -5.50   -5.50
  102.50   -6.00   -6.00   -6.00   -6.00   -6.00   -6.00   -6.00   -6.00   -6.00   -6.00   -6.00   -6.00   -6.00   -6.00   -6.00   -6.00   -6.00   -6.00   -6.00   -6.00   -6.00   -6.00   -6.00   -6.00   -6.00   -6.00   -6.00   -6.00   -6.00   -6.00   -6.00   -6.00   -6.00   -6.00   -6.00   -6.00
  107.50   -6.00   -6.00   -6.00   -6.00   -6.00   -6.00   -6.00   -6.00   -6.00   -6.00   -6.00   -6.00   -6.00   -6.00   -6.00   -6.00   -6.00   -6.00   -6.00   -6.00   -6.00   -6.00   -6.00   -6.00   -6.00   -6.00   -6.00   -6.00   -6.00   -6.00   -6.00   -6.00   -6.00   -6.00   -6.00   -6.00
  112.50   -6.00   -6.00   -6.00   -6.00   -6.00   -6.00   -6.00   -6.00   -6.00   -6.00   -6.00   -6.00   -6.00   -6.00   -6.00   -6.00   -6.00   -6.00   -6.00   -6.00   -6.00   -6.00   -6.00   -6.00   -6.00   -6.00   -6.00   -6.00   -6.00   -6.00   -6.00   -6.00   -6.00   -6.00   -6.00   -6.00
  117.50   -6.00   -6.00   -6.00   -6.00   -6.00   -6.00   -6.00   -6.00   -6.00   -6.00   -6.00   -6.00   -6.00   -6.00   -6.00   -6.00   -6.00   -6.00   -6.00   -6.00   -6.00   -6.00   -6.00   -6.00   -6.00   -6.00   -6.00   -6.00   -6.00   -6.00   -6.00   -6.00   -6.00   -6.00   -6.00   -6.00
  122.50   -7.20   -7.20   -7.20   -7.20   -7.20   -7.20   -7.20   -7.20   -7.20   -7.20   -7.20   -7.20   -7.20   -7.20   -7.20   -7.20   -7.20   -7.20   -7.20   -7.20   -7.20   -7.20   -7.20   -7.20   -7.20   -7.20   -7.20   -7.20   -7.20   -7.20   -7.20   -7.20   -7.20   -7.20   -7.20   -7.20
  127.50   -8.50   -8.50   -8.50   -8.50   -8.50   -8.50   -8.50   -8.50   -8.50   -8.50   -8.50   -8.50   -8.50   -8.50   -8.50   -8.50   -8.50   -8.50   -8.50   -8.50   -8.50   -8.50   -8.50   -8.50   -8.50   -8.50   -8.50   -8.50   -8.50   -8.50   -8.50   -8.50   -8.50   -8.50   -8.50   -8.50
  132.50   -9.80   -9.80   -9.80   -9.80   -9.80   -9.80   -9.80   -9.80   -9.80   -9.80   -9.80   -9.80   -9.80   -9.80   -9.80   -9.80   -9.80   -9.80   -9.80   -9.80   -9.80   -9.80   -9.80   -9.80   -9.80   -9.80   -9.80   -9.80   -9.80   -9.80   -9.80   -9.80   -9.80   -9.80   -9.80   -9.80
  137.50  -11.00  -11.00  -11.00  -11.00  -11.00  -11.00  -11.00  -11.00  -11.00  -11.00  -11.00  -11.00  -11.00  -11.00  -11.00  -11.00  -11.00  -11.00  -11.00  -11.00  -11.00  -11.00  -11.00  -11.00  -11.00  -11.00  -11.00  -11.00  -11.00  -11.00  -11.00  -11.00  -11.00  -11.00  -11.00  -11.00
  142.50  -12.00  -12.00  -12.00  -12.00  -12.00  -12.00  -12.00  -12.00  -12.00  -12.00  -12.00  -12.00  -12.00  -12.00  -12.00  -12.00  -12.00  -12.00  -12.00  -12.00  -12.00  -12.00  -12.00  -12.00  -12.00  -12.00  -12.00  -12.00  -12.00  -12.00  -12.00  -12.00  -12.00  -12.00  -12.00  -12.00
  147.50  -13.00  -13.00  -13.00  -13.00  -13.00  -13.00  -13.00  -13.00  -13.00  -13.00  -13.00  -13.00  -13.00  -13.00  -13.00  -13.00  -13.00  -13.00  -13.00  -13.00  -13.00  -13.00  -13.00  -13.00  -13.00  -13.00  -13.00  -13.00  -13.00  -13.00  -13.00  -13.00  -13.00  -13.00  -13.00  -13.00
  152.50  -15.00  -15.00  -15.00  -15.00  -15.00  -15.00  -15.00  -15.00  -15.00  -15.00  -15.00  -15.00  -15.00  -15.00  -15.00  -15.00  -15.00  -15.00  -15.00  -15.00  -15.00  -15.00  -15.00  -15.00  -15.00  -15.00  -15.00  -15.00  -15.00  -15.00  -15.00  -15.00  -15.00  -15.00  -15.00  -15.00
  157.50  -18.00  -18.00  -18.00  -18.00  -18.00  -18.00  -18.00  -18.00  -18.00  -18.00  -18.00  -18.00  -18.00  -18.00  -18.00  -18.00  -18.00  -18.00  -18.00  -18.00  -18.00  -18.00  -18.00  -18.00  -18.00  -18.00  -18.00  -18.00  -18.00  -18.00  -18.00  -18.00  -18.00  -18.00  -18.00  -18.00
